rule1	=[0 3 0 0 0 0 1 1 1];
rule2	=[0 4 0 0 0 0 1 1 1];
rule3	=[0 3 0 0 0 0 1 1 1];
rule4	=[0 4 0 0 0 0 1 1 1];
rule5	=[0 3 0 0 4 2 1 1 1];
rule6	=[0 3 0 0 4 6 1 1 1];
rule7	=[0 4 0 0 4 2 1 1 1];
rule8	=[0 4 0 0 4 6 1 1 1];
rule9	=[0 3 0 2 0 0 1 1 1];
rule10	=[0 4 0 2 0 0 1 1 1];
rule11	=[0 3 0 2 0 0 1 1 1];
rule12	=[0 4 0 2 0 0 1 1 1];
rule13	=[5 2 0 2 4 2 1 1 1];
rule14	=[5 3 0 2 4 2 1 1 1];
rule15	=[5 6 0 2 4 2 1 1 1];
rule16	=[8 2 0 2 4 2 1 1 1];
rule17	=[8 3 0 2 4 2 1 1 1];
rule18	=[8 6 0 2 4 2 1 1 1];
rule19	=[0 3 0 3 0 0 1 1 1];
rule20	=[0 3 0 2 0 0 1 1 1];
rule21	=[0 3 0 2 0 0 1 1 1];
rule22	=[0 3 0 3 0 0 1 1 1];
rule23	=[0 3 0 0 4 2 1 1 1];
rule24	=[0 3 0 0 4 6 1 1 1];
rule25	=[4 2 2 2 3 0 1 1 1];
rule26	=[4 2 2 3 3 0 1 1 1];
rule27	=[4 2 2 2 4 0 1 1 1];
rule28	=[4 2 2 3 4 0 1 1 1];
rule29	=[8 2 2 2 3 0 1 1 1];
rule30	=[8 2 2 3 3 0 1 1 1];
rule31	=[8 2 2 2 4 0 1 1 1];
rule32	=[8 2 2 3 4 0 1 1 1];
rule33	=[4 3 2 2 3 0 1 1 1];
rule34	=[4 3 2 3 3 0 1 1 1];
rule35	=[4 3 2 2 4 0 1 1 1];
rule36	=[4 3 2 3 4 0 1 1 1];
rule37	=[8 3 2 2 3 0 1 1 1];
rule38	=[8 3 2 3 3 0 1 1 1];
rule39	=[8 3 2 2 4 0 1 1 1];
rule40	=[8 3 2 3 4 0 1 1 1];
rule41	=[4 4 2 2 3 0 1 1 1];
rule42	=[4 4 2 3 3 0 1 1 1];
rule43	=[4 4 2 2 4 0 1 1 1];
rule44	=[4 4 2 3 4 0 1 1 1];
rule45	=[8 4 2 2 3 0 1 1 1];
rule46	=[8 4 2 3 3 0 1 1 1];
rule47	=[8 4 2 2 4 0 1 1 1];
rule48	=[8 4 2 3 4 0 1 1 1];
rule49	=[4 3 2 2 3 0 1 1 1];
rule50	=[4 3 2 2 4 0 1 1 1];
rule51	=[4 3 2 3 3 0 1 1 1];
rule52	=[4 3 2 3 4 0 1 1 1];
rule53	=[4 4 2 2 3 0 1 1 1];
rule54	=[4 4 2 2 4 0 1 1 1];
rule55	=[4 4 2 3 3 0 1 1 1];
rule56	=[4 4 2 3 4 0 1 1 1];
rule57	=[8 3 2 2 3 0 1 1 1];
rule58	=[8 3 2 2 4 0 1 1 1];
rule59	=[8 3 2 3 3 0 1 1 1];
rule60	=[8 3 2 3 4 0 1 1 1];
rule61	=[8 4 2 2 3 0 1 1 1];
rule62	=[8 4 2 2 4 0 1 1 1];
rule63	=[8 4 2 3 3 0 1 1 1];
rule64	=[8 4 2 3 4 0 1 1 1];
rule65	=[4 3 2 2 3 0 1 1 1];
rule66	=[4 3 2 2 4 0 1 1 1];
rule67	=[4 3 2 3 3 0 1 1 1];
rule68	=[4 3 2 3 4 0 1 1 1];
rule69	=[4 4 2 2 3 0 1 1 1];
rule70	=[4 4 2 2 4 0 1 1 1];
rule71	=[4 4 2 3 3 0 1 1 1];
rule72	=[4 4 2 3 4 0 1 1 1];
rule73	=[8 3 2 2 3 0 1 1 1];
rule74	=[8 3 2 2 4 0 1 1 1];
rule75	=[8 3 2 3 3 0 1 1 1];
rule76	=[8 3 2 3 4 0 1 1 1];
rule77	=[8 4 2 2 3 0 1 1 1];
rule78	=[8 4 2 2 4 0 1 1 1];
rule79	=[8 4 2 3 3 0 1 1 1];
rule80	=[8 4 2 3 4 0 1 1 1];
rule81	=[4 2 2 3 3 2 1 1 1];
rule82	=[4 2 2 3 3 6 1 1 1];
rule83	=[4 2 2 3 4 2 1 1 1];
rule84	=[4 2 2 3 4 6 1 1 1];
rule85	=[4 3 2 3 3 2 1 1 1];
rule86	=[4 3 2 3 3 6 1 1 1];
rule87	=[4 3 2 3 4 2 1 1 1];
rule88	=[4 3 2 3 4 6 1 1 1];
rule89	=[4 4 2 3 3 2 1 1 1];
rule90	=[4 4 2 3 3 6 1 1 1];
rule91	=[4 4 2 3 4 2 1 1 1];
rule92	=[4 4 2 3 4 6 1 1 1];
rule93	=[2 2 2 2 3 2 1 1 1];
rule94	=[2 2 2 2 4 2 1 1 1];
rule95	=[2 2 2 3 3 2 1 1 1];
rule96	=[2 2 2 3 4 2 1 1 1];
rule97	=[4 2 2 2 3 2 1 1 1];
rule98	=[4 2 2 2 4 2 1 1 1];
rule99	=[4 2 2 3 3 2 1 1 1];
rule100	=[4 2 2 3 4 2 1 1 1];
rule101	=[2 3 2 2 3 2 1 1 1];
rule102	=[2 3 2 2 4 2 1 1 1];
rule103	=[2 3 2 3 3 2 1 1 1];
rule104	=[2 3 2 3 4 2 1 1 1];
rule105	=[4 3 2 2 3 2 1 1 1];
rule106	=[4 3 2 2 4 2 1 1 1];
rule107	=[4 3 2 3 3 2 1 1 1];
rule108	=[4 3 2 3 4 2 1 1 1];
rule109	=[2 4 2 2 3 2 1 1 1];
rule110	=[2 4 2 2 4 2 1 1 1];
rule111	=[2 4 2 3 3 2 1 1 1];
rule112	=[2 4 2 3 4 2 1 1 1];
rule113	=[4 4 2 2 3 2 1 1 1];
rule114	=[4 4 2 2 4 2 1 1 1];
rule115	=[4 4 2 3 3 2 1 1 1];
rule116	=[4 4 2 3 4 2 1 1 1];
rule117	=[4 2 2 2 3 0 1 1 1];
rule118	=[4 2 2 4 3 0 1 1 1];
rule119	=[4 2 2 2 4 0 1 1 1];
rule120	=[4 2 2 4 4 0 1 1 1];
rule121	=[4 3 2 2 3 0 1 1 1];
rule122	=[4 3 2 4 3 0 1 1 1];
rule123	=[4 3 2 2 4 0 1 1 1];
rule124	=[4 3 2 4 4 0 1 1 1];
rule125	=[4 4 2 2 3 0 1 1 1];
rule126	=[4 4 2 4 3 0 1 1 1];
rule127	=[4 4 2 2 4 0 1 1 1];
rule128	=[4 4 2 4 4 0 1 1 1];
rule129	=[4 2 2 2 4 0 1 1 1];
rule130	=[4 2 2 3 4 0 1 1 1];
rule131	=[4 2 2 4 4 0 1 1 1];
rule132	=[4 5 2 2 4 0 1 1 1];
rule133	=[4 5 2 3 4 0 1 1 1];
rule134	=[4 5 2 4 4 0 1 1 1];
rule135	=[8 2 2 2 4 0 1 1 1];
rule136	=[8 2 2 3 4 0 1 1 1];
rule137	=[8 2 2 4 4 0 1 1 1];
rule138	=[8 5 2 2 4 0 1 1 1];
rule139	=[8 5 2 3 4 0 1 1 1];
rule140	=[8 5 2 4 4 0 1 1 1];
rule141	=[8 2 2 2 4 0 1 1 1];
rule142	=[8 2 2 3 4 0 1 1 1];
rule143	=[8 2 2 4 4 0 1 1 1];
rule144	=[8 5 2 2 4 0 1 1 1];
rule145	=[8 5 2 3 4 0 1 1 1];
rule146	=[8 5 2 4 4 0 1 1 1];
rule147	=[2 2 2 2 4 2 1 1 1];
rule148	=[2 2 2 3 4 2 1 1 1];
rule149	=[2 2 2 4 4 2 1 1 1];
rule150	=[2 3 2 2 4 2 1 1 1];
rule151	=[2 3 2 3 4 2 1 1 1];
rule152	=[2 3 2 4 4 2 1 1 1];
rule153	=[2 5 2 2 4 2 1 1 1];
rule154	=[2 5 2 3 4 2 1 1 1];
rule155	=[2 5 2 4 4 2 1 1 1];
rule156	=[8 2 2 2 4 2 1 1 1];
rule157	=[8 2 2 3 4 2 1 1 1];
rule158	=[8 2 2 4 4 2 1 1 1];
rule159	=[8 3 2 2 4 2 1 1 1];
rule160	=[8 3 2 3 4 2 1 1 1];
rule161	=[8 3 2 4 4 2 1 1 1];
rule162	=[8 5 2 2 4 2 1 1 1];
rule163	=[8 5 2 3 4 2 1 1 1];
rule164	=[8 5 2 4 4 2 1 1 1];
rule165	=[0 3 2 0 0 0 1 1 1];
rule166	=[0 4 2 0 0 0 1 1 1];
rule167	=[0 3 2 0 0 0 1 1 1];
rule168	=[0 4 2 0 0 0 1 1 1];
rule169	=[0 3 2 0 4 0 1 1 1];
rule170	=[0 4 2 0 4 0 1 1 1];
rule171	=[0 5 2 0 4 0 1 1 1];
rule172	=[0 3 2 4 4 2 1 1 1];
rule173	=[0 3 2 4 4 6 1 1 1];
rule174	=[0 4 2 4 4 2 1 1 1];
rule175	=[0 4 2 4 4 6 1 1 1];
rule176	=[2 3 2 4 4 2 1 1 1];
rule177	=[2 3 2 4 4 6 1 1 1];
rule178	=[2 4 2 4 4 2 1 1 1];
rule179	=[2 4 2 4 4 6 1 1 1];
rule180	=[2 3 2 0 3 0 1 1 1];
rule181	=[2 3 2 0 4 0 1 1 1];
rule182	=[2 4 2 0 3 0 1 1 1];
rule183	=[2 4 2 0 4 0 1 1 1];
rule184	=[2 5 2 0 3 0 1 1 1];
rule185	=[2 5 2 0 4 0 1 1 1];
rule186	=[0 3 2 4 0 6 1 1 1];
rule187	=[0 4 2 4 0 6 1 1 1];
rule188	=[0 3 2 4 0 6 1 1 1];
rule189	=[0 4 2 4 0 6 1 1 1];
rule190	=[5 3 2 0 0 0 1 1 1];
rule191	=[5 4 2 0 0 0 1 1 1];
rule192	=[2 2 2 0 4 2 1 1 1];
rule193	=[2 2 2 0 4 6 1 1 1];
rule194	=[2 3 2 0 4 2 1 1 1];
rule195	=[2 3 2 0 4 6 1 1 1];
rule196	=[2 4 2 0 4 2 1 1 1];
rule197	=[2 4 2 0 4 6 1 1 1];
rule198	=[2 6 2 0 4 2 1 1 1];
rule199	=[2 6 2 0 4 6 1 1 1];
rule200	=[5 2 2 0 4 2 1 1 1];
rule201	=[5 2 2 0 4 6 1 1 1];
rule202	=[5 3 2 0 4 2 1 1 1];
rule203	=[5 3 2 0 4 6 1 1 1];
rule204	=[5 4 2 0 4 2 1 1 1];
rule205	=[5 4 2 0 4 6 1 1 1];
rule206	=[5 6 2 0 4 2 1 1 1];
rule207	=[5 6 2 0 4 6 1 1 1];
rule208	=[8 2 2 0 4 2 1 1 1];
rule209	=[8 2 2 0 4 6 1 1 1];
rule210	=[8 3 2 0 4 2 1 1 1];
rule211	=[8 3 2 0 4 6 1 1 1];
rule212	=[8 4 2 0 4 2 1 1 1];
rule213	=[8 4 2 0 4 6 1 1 1];
rule214	=[8 6 2 0 4 2 1 1 1];
rule215	=[8 6 2 0 4 6 1 1 1];
rule216	=[2 2 2 0 4 2 1 1 1];
rule217	=[2 2 2 0 4 6 1 1 1];
rule218	=[2 3 2 0 4 2 1 1 1];
rule219	=[2 3 2 0 4 6 1 1 1];
rule220	=[2 4 2 0 4 2 1 1 1];
rule221	=[2 4 2 0 4 6 1 1 1];
rule222	=[2 6 2 0 4 2 1 1 1];
rule223	=[2 6 2 0 4 6 1 1 1];
rule224	=[5 2 2 0 4 2 1 1 1];
rule225	=[5 2 2 0 4 6 1 1 1];
rule226	=[5 3 2 0 4 2 1 1 1];
rule227	=[5 3 2 0 4 6 1 1 1];
rule228	=[5 4 2 0 4 2 1 1 1];
rule229	=[5 4 2 0 4 6 1 1 1];
rule230	=[5 6 2 0 4 2 1 1 1];
rule231	=[5 6 2 0 4 6 1 1 1];
rule232	=[8 2 2 0 4 2 1 1 1];
rule233	=[8 2 2 0 4 6 1 1 1];
rule234	=[8 3 2 0 4 2 1 1 1];
rule235	=[8 3 2 0 4 6 1 1 1];
rule236	=[8 4 2 0 4 2 1 1 1];
rule237	=[8 4 2 0 4 6 1 1 1];
rule238	=[8 6 2 0 4 2 1 1 1];
rule239	=[8 6 2 0 4 6 1 1 1];
rule240	=[2 2 2 0 4 2 1 1 1];
rule241	=[2 2 2 0 4 6 1 1 1];
rule242	=[2 3 2 0 4 2 1 1 1];
rule243	=[2 3 2 0 4 6 1 1 1];
rule244	=[2 4 2 0 4 2 1 1 1];
rule245	=[2 4 2 0 4 6 1 1 1];
rule246	=[2 6 2 0 4 2 1 1 1];
rule247	=[2 6 2 0 4 6 1 1 1];
rule248	=[5 2 2 0 4 2 1 1 1];
rule249	=[5 2 2 0 4 6 1 1 1];
rule250	=[5 3 2 0 4 2 1 1 1];
rule251	=[5 3 2 0 4 6 1 1 1];
rule252	=[5 4 2 0 4 2 1 1 1];
rule253	=[5 4 2 0 4 6 1 1 1];
rule254	=[5 6 2 0 4 2 1 1 1];
rule255	=[5 6 2 0 4 6 1 1 1];
rule256	=[8 2 2 0 4 2 1 1 1];
rule257	=[8 2 2 0 4 6 1 1 1];
rule258	=[8 3 2 0 4 2 1 1 1];
rule259	=[8 3 2 0 4 6 1 1 1];
rule260	=[8 4 2 0 4 2 1 1 1];
rule261	=[8 4 2 0 4 6 1 1 1];
